0.756886681871138 0.648394978902471 -0.000101982512256 -4.164946562530887 4.775509332127492 -0.000315812401773 
0.712176276517065 0.693558388483029 -0.000105005729589 -4.471040535407366 4.516340958055773 -0.000302321733360 
0.664560209984734 0.735923162831149 -0.000107877686533 -4.761606653233078 4.236477434811973 -0.000287195694404 
0.614209018728728 0.775290787416906 -0.000110582386335 -5.035119125600598 3.936762458575769 -0.000270469980122 
0.561308174771219 0.811472459014637 -0.000113104280801 -5.290084395750863 3.618167159773030 -0.000252189446694 
0.506057641527975 0.844290373497335 -0.000115428364590 -5.525053324324418 3.281791448269849 -0.000232408378827 
0.448671301158147 0.873579014046596 -0.000117540271367 -5.738634036982865 2.928864054926072 -0.000211190677721 
0.389376248279852 0.899186425254475 -0.000119426370939 -5.929505287829444 2.560741120787873 -0.000188609957158 
0.328411946677999 0.920975457271111 -0.000121073866300 -6.096430160185291 2.178903201663628 -0.000164749536106 
0.266029247704419 0.938824963056917 -0.000122470889474 -6.238269897357985 1.784950578580593 -0.000139702317404 
0.202489271405152 0.952630930993868 -0.000123606594910 -6.353997629926768 1.380596793695122 -0.000113570543671 
0.138062153963156 0.962307534657396 -0.000124471249147 -6.442711744199548 0.967660366352793 -0.000086465423695 
0.073025667760035 0.967788081502902 -0.000125056315398 -6.503648620312179 0.548054684550545 -0.000058506625085 
0.007663723167010 0.969025842623534 -0.000125354531717 -6.536194459302419 0.123776112063284 -0.000029821631899 
-0.057735236008846 0.965994746619826 -0.000125359981410 -6.539895917585623 -0.303109600370792 -0.000000544969280 
-0.122879928763837 0.958689922001668 -0.000125068154416 -6.514469275499152 -0.730482461815826 0.000029182699430 
-0.187478007608981 0.947128074414430 -0.000124475998476 -6.459807884514344 -1.156184758723853 0.000059215593934 
-0.251237884263397 0.931347687318247 -0.000123581959037 -6.375987665441581 -1.578038709618281 0.000089403943910 
-0.313870588934207 0.911409037505568 -0.000122386006982 -6.263270467081030 -1.993864981267857 0.000119595205508 
-0.375091640338043 0.887394019949048 -0.000120889653499 -6.122105140383586 -2.401501755652069 0.000149635348267 
-0.434622902696660 0.859405779843004 -0.000119095951592 -5.953126235861711 -2.798824010604346 0.000179370190743 
-0.492194405595185 0.827568153234736 -0.000117009483980 -5.757150289852483 -3.183762660826801 0.000208646761188 
-0.547546102855655 0.792024921223851 -0.000114636337396 -5.535169726047038 -3.554323201088466 0.000237314658424 
-0.600429547455493 0.752938886219946 -0.000111984063519 -5.288344459983816 -3.908603500390525 0.000265227387659 
-0.650609460989366 0.710490782073456 -0.000109061627055 -5.017991353387285 -4.244810414649011 0.000292243646395 
-0.697865178187514 0.664878032920065 -0.000105879341687 -4.725571719814795 -4.561274915339118 0.000318228536860 
-0.741991949495216 0.616313378206867 -0.000102448794852 -4.412677130770192 -4.856465471319749 0.000343054683433 
-0.782802087598582 0.565023383517199 -0.000098782762490 -4.081013810336607 -5.128999468966779 0.000366603236209 
-0.820125946948912 0.511246858420637 -0.000094895115039 -3.732385935032988 -5.377652509656206 0.000388764745159 
-0.853812728680167 0.455233203608896 -0.000090800716109 -3.368678173125479 -5.601365481174111 0.000409439892999 
-0.883731106717479 0.397240710025755 -0.000086515315321 -2.991837803731208 -5.799249358314151 0.000428540078805 
-0.909769674227727 0.337534832572370 -0.000082055436837 -2.603856751024836 -5.970587745338503 0.000445987848410 
-0.931837212762876 0.276386460303307 -0.000077438265121 -2.206753853514837 -6.114837226906281 0.000461717171508 
-0.949862789402497 0.214070203877188 -0.000072681529431 -1.802557663962091 -6.231625642611907 0.000475673569088 
-0.963795689839224 0.150862719457948 -0.000067803388450 -1.393290043672780 -6.320748441923941 0.000487814098087 
-0.973605197613563 0.087041086357698 -0.000062822316419 -0.980950777433837 -6.382163310025058 0.000498107203027 
-0.979280231555453 0.022881253555223 -0.000057756991952 -0.567503394189029 -6.415983280247445 0.000506532446700 
-0.980828854911161 -0.041343432098254 -0.000052626190615 -0.154862335570820 -6.422468565347764 0.000513080133720 
-0.978277670624927 -0.105363605578771 -0.000047448682196 0.255118428623398 -6.402017348051661 0.000517750841965 
-0.971671117820642 -0.168915163296180 -0.000042243133420 0.660655280428550 -6.355155771740916 0.000520554877538 
-0.961070684717799 -0.231740436953594 -0.000037028016730 1.060043310284313 -6.282527365741436 0.000521511669038 
-0.946554053056428 -0.293589258228226 -0.000031821525564 1.451663166137044 -6.184882127463111 0.000520649116597 
-0.928214188643024 -0.354219912896301 -0.000026641496459 1.833986441340455 -6.063065466807513 0.000518002910443 
-0.906158391913152 -0.413399984876164 -0.000021505338132 2.205579672987204 -5.918007197986352 0.000513615832767 
-0.880507321487493 -0.470907092289505 -0.000016429967578 2.565107042565841 -5.750710741334081 0.000507537055409 
-0.851394002626701 -0.526529519028660 -0.000011431753132 2.911331886079253 -5.562242673915526 0.000499821444533 
-0.818962831314223 -0.580066746465298 -0.000006526464313 3.243117131247776 -5.353722743663769 0.000490528881962 
-0.783368583458639 -0.631329890847582 -0.000001729228199 3.559424785558405 -5.126314438228445 0.000479723611344 
-0.744775437446511 -0.680142052620663 0.000002945507959 3.859314601212760 -4.881216177308092 0.000467473615843 
-0.703356017026233 -0.726338584385311 0.000007484008285 4.141942042027867 -4.619653176464801 0.000453850032605 
-0.659290460289910 -0.769767284501418 0.000011873274364 4.406555673632253 -4.342870011610644 0.000438926607907 
-0.612765519365474 -0.810288523468579 0.000016101066321 4.652494092443666 -4.052123896716129 0.000422779195667 
-0.563973694350967 -0.847775310197672 0.000020155919329 4.879182501450678 -3.748678672909289 0.000405485300852 
-0.513112404028583 -0.882113305147701 0.000024027156013 5.086129032238349 -3.433799495002903 0.000387123668333 
-0.460383194994281 -0.913200787062943 0.000027704895181 5.272920903430195 -3.108748191524260 0.000367773916857 
-0.405990990032936 -0.940948579726826 0.000031180057352 5.439220496134523 -2.774779266388285 0.000347516217073 
-0.350143375859051 -0.965279944769556 0.000034444367471 5.584761417388510 -2.433136504272965 0.000326431011891 
-0.293049929726734 -0.986130446142798 0.000037490355241 5.709344613231691 -2.085050137324204 0.000304598776979 
-0.234921583885757 -1.003447791421024 0.000040311353429 5.812834584097675 -1.731734527822594 0.000282099818774 
-0.175970026417534 -1.017191654617753 0.000042901494500 5.895155746822341 -1.374386319672892 0.000259014107101 
-0.116407136619372 -1.027333484725962 0.000045255705892 5.956288979816153 -1.014183010820918 0.000235421139297 
-0.056444452810510 -1.033856303713631 0.000047369704219 5.996268380886240 -0.652281898766901 0.000211399832612 
0.003707329797859 -1.036754497234134 0.000049239988635 6.015178260836865 -0.289819352050349 0.000187028441638 
0.063838833701011 -1.036033600851823 0.000050863833611 6.013150390315182 0.072089638231114 0.000162384497557 
0.123742448824738 -1.031710084139041 0.000052239281271 5.990361512372774 0.432351671278213 0.000137544766051 
0.183212760113113 -1.023811134574215 0.000053365133480 5.947031128837450 0.789894956482657 0.000112585220887 
0.242046955760894 -1.012374442762719 0.000054240943783 5.883419564778167 1.143669181149535 0.000087581030310 
0.300045218881251 -0.997447990113319 0.000054867009319 5.799826312035639 1.492645264940008 0.000062606553550 
0.357011105380401 -0.979089839732801 0.000055244362768 5.696588649914979 1.835815038051795 0.000037735344917 
0.412751910766652 -0.957367930949179 0.000055374764399 5.574080538625148 2.172190878362256 0.000013040163108 
0.467079028554987 -0.932359877538354 0.000055260694234 5.432711778833514 2.500805341082439 -0.000011407016519 
0.519808302842129 -0.904152769409021 0.000054905344345 5.272927428714152 2.820710812933353 -0.000035534988814 
0.570760377522519 -0.872842977194326 0.000054312611277 5.095207468039058 3.130979221469477 -0.000059273306883 
0.619761044493806 -0.838535958904928 0.000053487088544 4.900066697128715 3.430701828939777 -0.000082552273284 
0.666641593061627 -0.801346067515083 0.000052434059181 4.688054856782091 3.718989138984485 -0.000105302936267 
0.711239162597522 -0.761396358080098 0.000051159488251 4.459756953589478 3.994970943498574 -0.000127457092970 
0.753397100329945 -0.718818392718862 0.000049670015237 4.215793773242329 4.257796536123601 -0.000148947301443 
0.792965325955390 -0.673752041538625 0.000047972946203 3.956822562544515 4.506635118023629 -0.000169706903371 
0.829800704542959 -0.626345277330473 0.000046076245609 3.683537858756847 4.740676420815208 -0.000189670059396 
0.863767428969305 -0.576753961623424 0.000043988527620 3.396672442634636 4.959131570704917 -0.000208771798921 
0.894737412859476 -0.525141619453607 0.000041719046757 3.096998389017072 5.161234216981678 -0.000226948086302 
0.922590694720234 -0.471679199984128 0.000039277687704 2.785328186075823 5.346241946947885 -0.000244135905300 
0.947215853633401 -0.416544819903343 0.000036674954067 2.462515891316678 5.513438008078507 -0.000260273363681 
0.968510436524920 -0.359923486337461 0.000033921955870 2.129458289151922 5.662133356588239 -0.000275299819770 
0.986381396638274 -0.302006795841720 0.000031030395542 1.787096011335364 5.791669049574124 -0.000289156032717 
1.000745542416326 -0.242992605887824 0.000028012552161 1.436414577805197 5.901418995389610 -0.000301784338124 
1.011529995531919 -0.183084675149865 0.000024881263656 1.078445311559275 5.990793073795880 -0.000313128850523 
1.018672656303525 -0.122492268813610 0.000021649906716 0.714266077160645 6.059240633625532 -0.000323135694024 
1.022122674187827 -0.061429725102800 0.000018332374094 0.345001788430180 6.106254371080941 -0.000331753262166 
1.021840920457284 -0.000115979240020 0.000014943049017 -0.028175373054256 6.131374586278004 -0.000338932507716 
1.017800459550088 0.061225958851462 0.000011496776389 -0.404046090719594 6.134193809148202 -0.000344627262756 
1.009987014926616 0.122369576634020 0.000008008830500 -0.781344462347264 6.114361778255850 -0.000348794588930 
0.998399424587003 0.183085484108260 0.000004494878928 -1.158759033961250 6.071590747423943 -0.000351395157164 
0.983050080707470 0.243142094960985 0.000000970942373 -1.534934387953336 6.005661085272470 -0.000352393655540 
0.963965347149969 0.302306366179778 -0.000002546649859 -1.908473355750073 5.916427121879355 -0.000351759223242 
0.941185947905000 0.360344598028258 -0.000006041308936 -2.277939924496955 5.803823184848029 -0.000349465907681 
0.914767318858371 0.417023295570653 -0.000009496240346 -2.641862904662848 5.667869754239484 -0.000345493140974 
0.884779914650013 0.472110092093687 -0.000012894502656 -2.998740420835781 5.508679652303407 -0.000339826230963 
0.851309461840205 0.525374733793738 -0.000016219071265 -3.347045280980811 5.326464170005084 -0.000332456860891 
0.814457149142442 0.576590123977352 -0.000019452907172 -3.685231269776328 5.121539018361406 -0.000323383590756 
0.774339745151479 0.625533423767653 -0.000022579030694 -4.011740399096265 4.894329979030037 -0.000312612352236 
