-2.530234099776776 -4.724912151622468 0.076194270208954 2.397205380555418 -1.169682781326616 -0.048752087526330 
-2.506197424509510 -4.736488105836719 0.075704801364974 2.403667526726572 -1.157595421425142 -0.048946884398092 
-2.482096704161612 -4.747942818045702 0.075213395914474 2.410072034789858 -1.145471220898169 -0.049140545049990 
-2.457932517300604 -4.759275922231578 0.074720065278495 2.416418686100756 -1.133310418587600 -0.049333063597900 
-2.433705444674574 -4.770487054778195 0.074224820936841 2.422707262603040 -1.121113254661711 -0.049524434165363 
-2.409416069206209 -4.781575854484380 0.073727674428004 2.428937546836420 -1.108879970618464 -0.049714650883747 
-2.385064975986767 -4.792541962577268 0.073228637349080 2.435109321944261 -1.096610809288781 -0.049903707892406 
-2.360652752269953 -4.803385022725666 0.072727721355691 2.441222371681401 -1.084306014839778 -0.050091599338851 
-2.336179987465733 -4.814104681053446 0.072224938161902 2.447276480422041 -1.071965832777964 -0.050278319378912 
-2.311647273134055 -4.824700586152970 0.071720299540133 2.453271433167742 -1.059590509952400 -0.050463862176909 
-2.287055202978500 -4.835172389098548 0.071213817321075 2.459207015555489 -1.047180294557824 -0.050648221905823 
-2.262404372839842 -4.845519743459925 0.070705503393600 2.465083013865863 -1.034735436137733 -0.050831392747466 
-2.237695380689529 -4.855742305315800 0.070195369704673 2.470899215031289 -1.022256185587434 -0.051013368892662 
-2.212928826623085 -4.865839733267370 0.069683428259259 2.476655406644376 -1.009742795157059 -0.051194144541417 
-2.188105312853422 -4.875811688451915 0.069169691120228 2.482351376966348 -0.997195518454537 -0.051373713903099 
-2.163225443704066 -4.885657834556400 0.068654170408262 2.487986914935559 -0.984614610448543 -0.051552071196621 
-2.138289825602305 -4.895377837831115 0.068136878301756 2.493561810176105 -0.972000327471409 -0.051729210650619 
-2.113299067072240 -4.904971367103335 0.067617827036719 2.499075853006514 -0.959352927222002 -0.051905126503636 
-2.088253778727755 -4.914438093791021 0.067097028906676 2.504528834448534 -0.946672668768577 -0.052079813004310 
-2.063154573265395 -4.923777691916537 0.066574496262561 2.509920546236004 -0.933959812551600 -0.052253264411558 
-2.038002065457157 -4.932989838120402 0.066050241512613 2.515250780823813 -0.921214620386541 -0.052425474994762 
-2.012796872143187 -4.942074211675069 0.065524277122273 2.520519331396952 -0.908437355466652 -0.052596439033965 
-1.987539612224391 -4.951030494498727 0.064996615614073 2.525725991879647 -0.895628282365715 -0.052766150820055 
-1.962230906654945 -4.959858371169134 0.064467269567523 2.530870556944583 -0.882787667040767 -0.052934604654962 
-1.936871378434723 -4.968557528937483 0.063936251619005 2.535952822022215 -0.869915776834820 -0.053101794851848 
-1.911461652601621 -4.977127657742279 0.063403574461652 2.540972583310162 -0.857012880479549 -0.053267715735308 
-1.886002356223794 -4.985568450223258 0.062869250845236 2.545929637782696 -0.844079248097976 -0.053432361641558 
-1.860494118391791 -4.993879601735330 0.062333293576050 2.550823783200299 -0.831115151207137 -0.053595726918639 
-1.834937570210598 -5.002060810362537 0.061795715516784 2.555654818119327 -0.818120862720745 -0.053757805926613 
-1.809333344791580 -5.010111776932056 0.061256529586406 2.560422541901736 -0.805096656951841 -0.053918593037763 
-1.783682077244331 -5.018032205028210 0.060715748760038 2.565126754724907 -0.792042809615437 -0.054078082636793 
-1.757984404668416 -5.025821801006522 0.060173386068828 2.569767257591538 -0.778959597831167 -0.054236269121031 
-1.732240966145019 -5.033480274007782 0.059629454599821 2.574343852339626 -0.765847300125925 -0.054393146900631 
-1.706452402728494 -5.041007335972147 0.059083967495834 2.578856341652518 -0.752706196436512 -0.054548710398777 
-1.680619357437804 -5.048402701653269 0.058536937955315 2.583304529069036 -0.739536568112287 -0.054702954051889 
-1.654742475247867 -5.055666088632448 0.057988379232216 2.587688218993670 -0.726338697917813 -0.054855872309824 
-1.628822403080799 -5.062797217332803 0.057438304635856 2.592007216706840 -0.713112870035520 -0.055007459636089 
-1.602859789797047 -5.069795811033487 0.056886727530775 2.596261328375206 -0.699859370068361 -0.055157710508044 
-1.576855286186426 -5.076661595883912 0.056333661336604 2.600450361062038 -0.686578485042482 -0.055306619417110 
-1.550809544959050 -5.083394300918011 0.055779119527914 2.604574122737629 -0.673270503409881 -0.055454180868984 
-1.524723220736153 -5.089993658068521 0.055223115634076 2.608632422289737 -0.659935715051068 -0.055600389383842 
-1.498596970040812 -5.096459402181298 0.054665663239110 2.612625069534056 -0.646574411277706 -0.055745239496558 
-1.472431451288565 -5.102791271029651 0.054106775981541 2.616551875224711 -0.633186884835233 -0.055888725756912 
-1.446227324777917 -5.108989005328706 0.053546467554243 2.620412651064747 -0.619773429905439 -0.056030842729810 
-1.419985252680751 -5.115052348749796 0.052984751704288 2.624207209716625 -0.606334342108991 -0.056171584995499 
-1.393705899032624 -5.120981047934874 0.052421642232790 2.627935364812710 -0.592869918507872 -0.056310947149789 
-1.367389929722967 -5.126774852510952 0.051857152994747 2.631596930965735 -0.579380457607729 -0.056448923804273 
-1.341038012485174 -5.132433515104553 0.051291297898882 2.635191723779261 -0.565866259360073 -0.056585509586561 
-1.314650816886593 -5.137956791356196 0.050724090907477 2.638719559858111 -0.552327625164328 -0.056720699140503 
-1.288229014318405 -5.143344439934892 0.050155546036212 2.642180256818802 -0.538764857869672 -0.056854487126431 
-1.261773277985405 -5.148596222552658 0.049585677353998 2.645573633299974 -0.525178261776659 -0.056986868221399 
-1.235284282895677 -5.153711903979044 0.049014498982804 2.648899508972846 -0.511568142638575 -0.057117837119428 
-1.208762705850160 -5.158691252055669 0.048442025097487 2.652157704551712 -0.497934807662503 -0.057247388531764 
-1.182209225432114 -5.163534037710770 0.047868269925615 2.655348041804508 -0.484278565510086 -0.057375517187133 
-1.155624521996480 -5.168240034973749 0.047293247747295 2.658470343563490 -0.470599726297967 -0.057502217832013 
-1.129009277659119 -5.172809020989728 0.046716972894986 2.661524433736047 -0.456898601597903 -0.057627485230903 
-1.102364176285962 -5.177240776034094 0.046139459753320 2.664510137315697 -0.443175504436569 -0.057751314166604 
-1.075689903482029 -5.181535083527045 0.045560722758915 2.667427280393285 -0.429430749295065 -0.057873699440505 
-1.048987146580345 -5.185691730048127 0.044980776400186 2.670275690168437 -0.415664652108170 -0.057994635872870 
-1.022256594630732 -5.189710505350761 0.044399635217155 2.673055194961258 -0.401877530263366 -0.058114118303134 
-0.995498938388489 -5.193591202376759 0.043817313801253 2.675765624224326 -0.388069702599713 -0.058232141590196 
-0.968714870302939 -5.197333617270824 0.043233826795126 2.678406808554956 -0.374241489406598 -0.058348700612721 
-0.941905084505862 -5.200937549395048 0.042649188892431 2.680978579707745 -0.360393212422439 -0.058463790269435 
-0.915070276799788 -5.204402801343382 0.042063414837637 2.683480770607372 -0.346525194833390 -0.058577405479423 
-0.888211144646172 -5.207729178956103 0.041476519425813 2.685913215361633 -0.332637761272088 -0.058689541182425 
-0.861328387153425 -5.210916491334268 0.040888517502422 2.688275749274672 -0.318731237816499 -0.058800192339133 
-0.834422705064821 -5.213964550854157 0.040299423963107 2.690568208860376 -0.304805951988876 -0.058909353931479 
-0.807494800746262 -5.216873173181705 0.039709253753478 2.692790431855895 -0.290862232754855 -0.059017020962926 
-0.780545378173910 -5.219642177286932 0.039118021868890 2.694942257235236 -0.276900410522693 -0.059123188458756 
-0.753575142921681 -5.222271385458359 0.038525743354226 2.697023525222913 -0.262920817142641 -0.059227851466353 
-0.726584802148605 -5.224760623317423 0.037932433303672 2.699034077307615 -0.248923785906436 -0.059331005055484 
-0.699575064586046 -5.227109719832892 0.037338106860486 2.700973756255851 -0.234909651546896 -0.059432644318584 
-0.672546640524791 -5.229318507335268 0.036742779216775 2.702842406125587 -0.220878750237577 -0.059532764371034 
-0.645500241801992 -5.231386821531193 0.036146465613261 2.704639872279828 -0.206831419592471 -0.059631360351446 
-0.618436581787991 -5.233314501517850 0.035549181339042 2.706366001400159 -0.192767998665714 -0.059728427421936 
-0.591356375372988 -5.235101389797363 0.034950941731357 2.708020641500248 -0.178688827951261 -0.059823960768418 
-0.564260338953595 -5.236747332291188 0.034351762175349 2.709603641939296 -0.164594249382507 -0.059917955600879 
-0.537149190419240 -5.238252178354506 0.033751658103812 2.711114853435464 -0.150484606331829 -0.060010407153672 
-0.510023649138448 -5.239615780790607 0.033150644996954 2.712554128079269 -0.136360243610016 -0.060101310685805 
-0.482884435944978 -5.240837995865263 0.032548738382142 2.713921319346974 -0.122221507465575 -0.060190661481229 
-0.455732273123838 -5.241918683321102 0.031945953833650 2.715216282113973 -0.108068745583905 -0.060278454849138 
-0.428567884397156 -5.242857706391965 0.031342306972408 2.716438872668196 -0.093902307086305 -0.060364686124268 
-0.401391994909921 -5.243654931817254 0.030737813465736 2.717588948723525 -0.079722542528828 -0.060449350667196 
-0.374205331215589 -5.244310229856263 0.030132489027089 2.718666369433254 -0.065529803900970 -0.060532443864646 
-0.347008621261553 -5.244823474302505 0.029526349415791 2.719670995403588 -0.051324444624183 -0.060613961129802 
-0.319802594374481 -5.245194542498007 0.028919410436765 2.720602688707187 -0.037106819550222 -0.060693897902611 
-0.292587981245513 -5.245423315347600 0.028311687940264 2.721461312896776 -0.022877284959310 -0.060772249650108 
-0.265365513915325 -5.245509677333182 0.027703197821597 2.722246733018802 -0.008636198558143 -0.060849011866726 
-0.238135925759053 -5.245453516527959 0.027093956020850 2.722958815627170 0.005616080522284 -0.060924180074619 
-0.210899951471083 -5.245254724610668 0.026483978522611 2.723597428797033 0.019879191729015 -0.060997749823987 
-0.183658327049696 -5.244913196879772 0.025873281355677 2.724162442138663 0.034152773089638 -0.061069716693399 
-0.156411789781583 -5.244428832267623 0.025261880592775 2.724653726811377 0.048436461214959 -0.061140076290126 
-0.129161078226207 -5.243801533354604 0.024649792350271 2.725071155537547 0.062729891301827 -0.061208824250465 
-0.101906932200040 -5.243031206383243 0.024037032787870 2.725414602616666 0.077032697136132 -0.061275956240080 
-0.074650092760645 -5.242117761272284 0.023423618108327 2.725683943939492 0.091344511095952 -0.061341467954333 
-0.047391302190623 -5.241061111630735 0.022809564557140 2.725879057002252 0.105664964154868 -0.061405355118620 
-0.020131303981414 -5.239861174771881 0.022194888422253 2.725999820920917 0.119993685885425 -0.061467613488717 
0.007129157183042 -5.238517871727253 0.021579606033742 2.726046116445534 0.134330304462753 -0.061528238851116 
0.034389335442788 -5.237031127260569 0.020963733763508 2.726017825974623 0.148674446668353 -0.061587227023370 
0.061648483778484 -5.235400869881629 0.020347288024964 2.725914833569636 0.163025737894024 -0.061644573854442 
0.088905854028179 -5.233627031860170 0.019730285272713 2.725737024969474 0.177383802145959 -0.061700275225048 
