1.388769709785988 0.155624477930084 -0.031045567963462 -0.350140858834259 5.519920976662700 0.124239791129437 
1.383258181114331 0.210608990491308 -0.029758343038575 -0.551152867165724 5.498451256122397 0.128722492488726 
1.375750680741601 0.265300165122413 -0.028428286195495 -0.750750037273017 5.469117463110444 0.133005684307964 
1.366264838092449 0.319620400211693 -0.027057456162086 -0.948584264915170 5.432023508928036 0.137083003340912 
1.354821676635974 0.373493313853757 -0.025647969380744 -1.144316145647535 5.387291364206363 0.140948678134168 
1.341445515789469 0.426843916228295 -0.024201993990188 -1.337616084650419 5.335060237453807 0.144597539055618 
1.326163862590499 0.479598772992411 -0.022721743744405 -1.528165319896993 5.275485676411571 0.148025024578303 
1.309007294060178 0.531686159014943 -0.021209471905486 -1.715656853032185 5.208738602253198 0.151227183891874 
1.290009331224237 0.583036201885187 -0.019667465145963 -1.899796283594090 5.135004287024413 0.154200675952328 
1.269206305789488 0.633581014734312 -0.018098037494805 -2.080302543474840 5.054481284912559 0.156942765115815 
1.246637220491834 0.683254818013962 -0.016503524359470 -2.256908529765379 4.967380327964927 0.159451313533527 
1.222343604138469 0.731994049981476 -0.014886276654352 -2.429361635336589 4.873923196751455 0.161724770511759 
1.196369362361885 0.779737465743486 -0.013248655063714 -2.597424177658409 4.774341576200994 0.163762159063841 
1.168760625087562 0.826426224807944 -0.011593024464727 -2.760873727432252 4.668875906445748 0.165563059898694 
1.139565591691599 0.872003967187955 -0.009921748533683 -2.919503339596331 4.557774238001189 0.167127593104323 
1.108834374790122 0.916416878188013 -0.008237184555748 -3.073121690147671 4.441291100005784 0.168456397793580 
1.076618843560115 0.959613742083651 -0.006541678455904 -3.221553123000682 4.319686389563740 0.169550609984319 
1.042972467442461 1.001545984978577 -0.004837560066036 -3.364637611765470 4.193224289492651 0.170411838986803 
1.007950161023687 1.042167707188515 -0.003127138640354 -3.502230641877382 4.062172220993767 0.171042142568233 
0.971608130834255 1.081435705558040 -0.001412698628775 -3.634203018943137 3.926799836952492 0.171444001157944 
0.934003724739344 1.119309486165603 0.000303504284701 -3.760440609491170 3.787378060756317 0.171620291347533 
0.895195284534052 1.155751267912615 0.002019246873984 -3.880844020529167 3.644178174701183 0.171574258928345 
0.855242002289785 1.190725977525195 0.003732341790933 -3.995328224426751 3.497470961258068 0.171309491694838 
0.814203780933148 1.224201236522202 0.005440640713200 -4.103822135663633 3.347525899700616 0.170829892226720 
0.772141099473928 1.256147340720815 0.007142037221659 -4.206268145921987 3.194610419861339 0.170139650845888 
0.729114883235270 1.286537232861775 0.008834469410923 -4.302621623865837 3.038989214095967 0.169243218926437 
0.685186379377774 1.315346468940764 0.010515922238100 -4.392850385749577 2.880923607898963 0.168145282717743 
0.640417037950351 1.342553178831086 0.012184429616322 -4.476934142742300 2.720670989032195 0.166850737822188 
0.594868398644810 1.368138021776149 0.013838076260830 -4.554863930554148 2.558484294506225 0.165364664450764 
0.548601983378662 1.392084137319057 0.015474999296449 -4.626641526614807 2.394611554290877 0.163692303561854 
0.501679194781747 1.414377092221346 0.017093389636160 -4.692278859691457 2.229295490228823 0.161839033971128 
0.454161220617224 1.435004823904165 0.018691493141199 -4.751797416452306 2.062773168281963 0.159810350503962 
0.406108944126326 1.453957580923699 0.020267611573660 -4.805227649089803 1.895275701953371 0.157611843246107 
0.357582860249111 1.471227860968650 0.021820103352998 -4.852608387721508 1.727028004495076 0.155249177933794 
0.308642997640186 1.486810346841954 0.023347384128108 -4.893986260892530 1.558248587330473 0.152728077510944 
0.259348846369022 1.500701840861817 0.024847927176797 -4.929415127116375 1.389149401986290 0.150054304868889 
0.209759291168866 1.512901198089203 0.026320263644525 -4.958955520015587 1.219935722738604 0.147233646772854 
0.159932550076235 1.523409258760467 0.027762982634221 -4.982674109263064 1.050806067126339 0.144271898969593 
0.109926118284411 1.532228780275164 0.029174731158839 -5.000643179182458 0.881952151469736 0.141174852461778 
0.059796717018974 1.539364369060626 0.030554213968111 -5.012940126543690 0.713558878546257 0.137948280927178 
0.009600247231085 1.544822412606808 0.031900193260652 -5.019646978788853 0.545804354618104 0.134597929254157 
-0.040608252105373 1.548611011937509 0.033211488292248 -5.020849933645838 0.378859933070115 0.131129503159521 
-0.090774641313695 1.550739914757513 0.034486974890751 -5.016638920832138 0.212890282000446 0.127548659850300 
-0.140845713176893 1.551220449489570 0.035725584887624 -5.007107186319877 0.048053473205643 0.123860999687384 
-0.190769222171139 1.550065460390702 0.036926305475687 -4.992350899424614 -0.115498909886749 0.120072058806213 
-0.240493909999085 1.547289243914062 0.038088178502163 -4.972468782794566 -0.277621647663977 0.116187302647650 
-0.289969527651211 1.542907486460556 0.039210299705671 -4.947561765212640 -0.438175745350611 0.112212120350839 
-0.339146854221012 1.536937203643814 0.040291817905262 -4.917732656980096 -0.597028281674172 0.108151819959059 
-0.387977712696279 1.529396681172754 0.041331934149156 -4.883085847526697 -0.754052247106028 0.104011624389407 
-0.436414982944145 1.520305417438003 0.042329900830329 -4.843727024786525 -0.909126373475100 0.099796668117298 
-0.484412612102045 1.509684067871820 0.043285020775604 -4.799762915789999 -1.062134956618377 0.095511994527475 
-0.531925622580541 1.497554391135808 0.044196646314445 -4.751301047849672 -1.212967673601197 0.091162553884103 
-0.578910117877129 1.483939197176681 0.045064178333183 -4.698449529658761 -1.361519395912656 0.086753201873811 
-0.625323286392886 1.468862297177497 0.045887065319953 -4.641316851575742 -1.507689999918387 0.082288698676971 
-0.671123403436231 1.452348455420148 0.046664802405194 -4.580011704334428 -1.651384175734865 0.077773708524166 
-0.716269831590185 1.434423343064378 0.047396930402160 -4.514642815395478 -1.792511235577005 0.073212799696570 
-0.760723019611596 1.415113493839135 0.048083034851468 -4.445318802141107 -1.930984922524377 0.068610444930839 
-0.804444500022683 1.394446261633622 0.048722745073379 -4.372148041108669 -2.066723220551272 0.063971022191077 
-0.847396885547281 1.372449779967901 0.049315733231103 -4.295238552459788 -2.199648166572089 0.059298815772413 
-0.889543864536169 1.349152923316238 0.049861713408131 -4.214697898888822 -2.329685665166298 0.054598017702728 
-0.930850195518036 1.324585270250574 0.050360440702241 -4.130633098186665 -2.456765306566401 0.049872729411084 
-0.971281701004961 1.298777068366396 0.050811710338575 -4.043150548692553 -2.580820188417837 0.045126963633355 
-1.010805260673829 1.271759200948881 0.051215356803850 -3.952355966886714 -2.701786741751493 0.040364646527486 
-1.049388804037827 1.243563155333409 0.051571253003577 -3.858354336399783 -2.819604561547195 0.035589619972698 
-1.087001302715230 1.214220992911309 0.051879309443864 -3.761249867740354 -2.934216242210009 0.030805644028741 
-1.123612762395921 1.183765320729007 0.052139473439195 -3.661145968069094 -3.045567218230196 0.026016399533053 
-1.159194214599684 1.152229264626488 0.052351728347348 -3.558145220376250 -3.153605610251879 0.021225490815311 
-1.193717708314169 1.119646443859141 0.052516092832453 -3.452349371448538 -3.258282076734672 0.016436448510464 
-1.227156301594579 1.086050947145577 0.052632620156980 -3.343859328041015 -3.359549671356420 0.011652732452794 
-1.259484053201572 1.051477310082843 0.052701397503330 -3.232775160699239 -3.457363706273410 0.006877734634951 
-1.290676014348637 1.015960493869575 0.052722545325502 -3.119196114706514 -3.551681621326819 0.002114782217234 
-1.320708220625238 0.979535865276972 0.052696216731238 -3.003220627660144 -3.642462859260299 -0.002632859426443 
-1.349557684157328 0.942239177807038 0.052622596894855 -2.884946353208987 -3.729668746993338 -0.007361983638281 
-1.377202386062451 0.904106553977258 0.052501902500921 -2.764470190512255 -3.813262382978032 -0.012069439393431 
-1.403621269252512 0.865174468670729 0.052334381218777 -2.641888319006105 -3.893208530652928 -0.016752128214337 
-1.428794231633413 0.825479733490765 0.052120311207856 -2.517296238090077 -3.969473517996387 -0.021407001092176 
-1.452702119747110 0.785059482059032 0.051860000653614 -2.390788811369753 -4.042025143173330 -0.026031055424189 
-1.475326722898261 0.743951156196403 0.051553787333864 -2.262460315115034 -4.110832586262866 -0.030621331974985 
-1.496650767804411 0.702192492925901 0.051202038215171 -2.132404490615014 -4.175866327050207 -0.035174911869315 
-1.516657913805718 0.659821512237261 0.050805149078938 -2.000714600130736 -4.237098068864001 -0.039688913623245 
-1.535332748667376 0.616876505552863 0.050363544176736 -1.867483486165756 -4.294500668439793 -0.044160490220190 
-1.552660785005293 0.573396024834948 0.049877675914357 -1.732803633791767 -4.348048071791447 -0.048586826237891 
-1.568628457363115 0.529418872274199 0.049348024564037 -1.596767235782154 -4.397715256074953 -0.052965135032059 
-1.583223119966320 0.484984090499870 0.048775098004215 -1.459466260320532 -4.443478177432891 -0.057292655982164 
-1.596433045176958 0.440130953251741 0.048159431486169 -1.320992521063831 -4.485313724812871 -0.061566651804637 
-1.608247422670463 0.394898956454148 0.047501587426783 -1.181437749350448 -4.523199679759290 -0.065784405938622 
-1.618656359353996 0.349327809632301 0.046802155226690 -1.040893668353291 -4.557114682184716 -0.069943220009300 
-1.627650880043848 0.303457427610952 0.046061751112951 -0.899452068985234 -4.587038202134912 -0.074040411373828 
-1.635222928917553 0.257327922435253 0.045281018005402 -0.757204887370510 -4.612950517569932 -0.078073310754927 
-1.641365371754552 0.210979595453326 0.044460625405730 -0.614244283699939 -4.634832698192693 -0.082039259967247 
-1.646071998977458 0.164452929499668 0.043601269308312 -0.470662722290535 -4.652666595365832 -0.085935609741772 
-1.649337529504167 0.117788581117993 0.042703672131775 -0.326553052670980 -4.666434838167469 -0.089759717653710 
-1.651157615419304 0.071027372761528 0.041768582670180 -0.182008591513673 -4.676120835646516 -0.093508946159531 
-1.651528847471619 0.024210284908044 0.040796776062688 -0.037123205231479 -4.681708785348366 -0.097180660749112 
-1.650448761402149 -0.022621551973876 0.039789053780496 0.108008606947034 -4.683183688192047 -0.100772228219252 
-1.647915845105986 -0.069426865671777 0.038746243629744 0.253291629616280 -4.680531369790060 -0.104281015075199 
-1.643929546628519 -0.116164250754899 0.037669199769072 0.398629847746730 -4.673738508312151 -0.107704386067225 
-1.638490282994891 -0.162792177444938 0.036558802740374 0.543926363362759 -4.662792669003910 -0.111039702869742 
-1.631599449869215 -0.209269000899741 0.035415959511265 0.689083312567586 -4.647682345480385 -0.114284322910934 
-1.623259432037701 -0.255552970978977 0.034241603527651 0.834001783151467 -4.628397007923571 -0.117435598361403 
-1.613473614707349 -0.301602242562183 0.033036694774742 0.978581733035180 -4.604927158320595 -0.120490875290891 
