-0.000299692975031 0.007299007490141 -0.000068875650196 -0.002788931502196 0.000884116223124 0.000069745361304 
-0.000327634132903 0.007307741125089 -0.000068176352013 -0.002794115787201 0.000873363494764 0.000069929818243 
-0.000355627054362 0.007316367528018 -0.000067475219512 -0.002799292145927 0.000862640292942 0.000070113250071 
-0.000383671705007 0.007324886970800 -0.000066772262979 -0.002804465064508 0.000851944278185 0.000070295653332 
-0.000411768094307 0.007333299698037 -0.000066067492735 -0.002809638930022 0.000841272723726 0.000070477024415 
-0.000439916274243 0.007341605923155 -0.000065360919140 -0.002814817993548 0.000830622511735 0.000070657359549 
-0.000468116337555 0.007349805824490 -0.000064652552592 -0.002820006331260 0.000819990133483 0.000070836654802 
-0.000496368415595 0.007357899541429 -0.000063942403531 -0.002825207803993 0.000809371693897 0.000071014906086 
-0.000524672675754 0.007365887170637 -0.000063230482439 -0.002830426015839 0.000798762920889 0.000071192109149 
-0.000553029318478 0.007373768762435 -0.000062516799843 -0.002835664272376 0.000788159179786 0.000071368259583 
-0.000581438573870 0.007381544317366 -0.000061801366315 -0.002840925539242 0.000777555493107 0.000071543352823 
-0.000609900697888 0.007389213783024 -0.000061084192474 -0.002846212401824 0.000766946565807 0.000071717384150 
-0.000638415968157 0.007396777051185 -0.000060365288987 -0.002851527026869 0.000756326816012 0.000071890348692 
-0.000666984679426 0.007404233955296 -0.000059644666572 -0.002856871126865 0.000745690411106 0.000072062241432 
-0.000695607138706 0.007411584268385 -0.000058922336000 -0.002862245928035 0.000735031308922 0.000072233057208 
-0.000724283660134 0.007418827701421 -0.000058198308093 -0.002867652142765 0.000724343303597 0.000072402790717 
-0.000753014559606 0.007425963902176 -0.000057472593728 -0.002873089947231 0.000713620075541 0.000072571436522 
-0.000781800149255 0.007432992454624 -0.000056745203837 -0.002878558964905 0.000702855244818 0.000072738989053 
-0.000810640731820 0.007439912878895 -0.000056016149411 -0.002884058256515 0.000692042427089 0.000072905442615 
-0.000839536594989 0.007446724631807 -0.000055285441497 -0.002889586316889 0.000681175291212 0.000073070791389 
-0.000868488005779 0.007453427107982 -0.000054553091203 -0.002895141078960 0.000670247617459 0.000073235029440 
-0.000897495205029 0.007460019641535 -0.000053819109696 -0.002900719925030 0.000659253355298 0.000073398150721 
-0.000926558402081 0.007466501508332 -0.000053083508205 -0.002906319705220 0.000648186679670 0.000073560149074 
-0.000955677769709 0.007472871928779 -0.000052346298023 -0.002911936762823 0.000637042044689 0.000073721018243 
-0.000984853439371 0.007479130071116 -0.000051607490504 -0.002917566966144 0.000625814233780 0.000073880751870 
-0.001014085496833 0.007485275055170 -0.000050867097069 -0.002923205746186 0.000614498405342 0.000074039343506 
-0.001043373978227 0.007491305956501 -0.000050125129203 -0.002928848139469 0.000603090133144 0.000074196786616 
-0.001072718866578 0.007497221810909 -0.000049381598457 -0.002934488835079 0.000591585440809 0.000074353074582 
-0.001102120088828 0.007503021619208 -0.000048636516450 -0.002940122225019 0.000579980829907 0.000074508200708 
-0.001131577513397 0.007508704352222 -0.000047889894867 -0.002945742456853 0.000568273301344 0.000074662158231 
-0.001161090948273 0.007514268955921 -0.000047141745464 -0.002951343487599 0.000556460369908 0.000074814940320 
-0.001190660139652 0.007519714356641 -0.000046392080063 -0.002956919137896 0.000544540072023 0.000074966540087 
-0.001220284771106 0.007525039466310 -0.000045640910557 -0.002962463145454 0.000532510966902 0.000075116950590 
-0.001249964463275 0.007530243187625 -0.000044888248909 -0.002967969216908 0.000520372131445 0.000075266164841 
-0.001279698774048 0.007535324419118 -0.000044134107151 -0.002973431077293 0.000508123149357 0.000075414175812 
-0.001309487199213 0.007540282060069 -0.000043378497386 -0.002978842516439 0.000495764095069 0.000075560976439 
-0.001339329173530 0.007545115015200 -0.000042621431790 -0.002984197431747 0.000483295513082 0.000075706559632 
-0.001369224072199 0.007549822199134 -0.000041862922607 -0.002989489866914 0.000470718393471 0.000075850918278 
-0.001399171212662 0.007554402540577 -0.000041102982155 -0.002994714046297 0.000458034144236 0.000075994045247 
-0.001429169856710 0.007558854986189 -0.000040341622821 -0.002999864404761 0.000445244561251 0.000076135933402 
-0.001459219212839 0.007563178504154 -0.000039578857065 -0.003004935612944 0.000432351796498 0.000076276575599 
-0.001489318438819 0.007567372087407 -0.000038814697418 -0.003009922597985 0.000419358325267 0.000076415964696 
-0.001519466644418 0.007571434756536 -0.000038049156482 -0.003014820559853 0.000406266912934 0.000076554093558 
-0.001549662894253 0.007575365562355 -0.000037282246932 -0.003019624983507 0.000393080581871 0.000076690955061 
-0.001579906210724 0.007579163588145 -0.000036513981511 -0.003024331647139 0.000379802578982 0.000076826542097 
-0.001610195576993 0.007582827951588 -0.000035744373035 -0.003028936626840 0.000366436344284 0.000076960847579 
-0.001640529939973 0.007586357806396 -0.000034973434391 -0.003033436298033 0.000352985480874 0.000077093864445 
-0.001670908213313 0.007589752343662 -0.000034201178534 -0.003037827334055 0.000339453726554 0.000077225585661 
-0.001701329280336 0.007593010792935 -0.000033427618492 -0.003042106702251 0.000325844927328 0.000077356004224 
-0.001731791996916 0.007596132423064 -0.000032652767360 -0.003046271657971 0.000312163012918 0.000077485113166 
-0.001762295194284 0.007599116542808 -0.000031876638304 -0.003050319736821 0.000298411974369 0.000077612905558 
-0.001792837681739 0.007601962501246 -0.000031099244559 -0.003054248745532 0.000284595843810 0.000077739374509 
-0.001823418249257 0.007604669688010 -0.000030320599428 -0.003058056751753 0.000270718676336 0.000077864513172 
-0.001854035669988 0.007607237533349 -0.000029540716280 -0.003061742073082 0.000256784533989 0.000077988314741 
-0.001884688702643 0.007609665508067 -0.000028759608556 -0.003065303265593 0.000242797471767 0.000078110772458 
-0.001915376093765 0.007611953123323 -0.000027977289760 -0.003068739112117 0.000228761525548 0.000078231879609 
-0.001946096579869 0.007614099930341 -0.000027193773464 -0.003072048610474 0.000214680701836 0.000078351629531 
-0.001976848889488 0.007616105520033 -0.000026409073308 -0.003075230961852 0.000200558969186 0.000078470015606 
-0.002007631745083 0.007617969522545 -0.000025623202996 -0.003078285559491 0.000186400251190 0.000078587031266 
-0.002038443864861 0.007619691606753 -0.000024836176296 -0.003081211977796 0.000172208420856 0.000078702669992 
-0.002069283964481 0.007621271479716 -0.000024048007042 -0.003084009962007 0.000157987296266 0.000078816925315 
-0.002100150758666 0.007622708886089 -0.000023258709134 -0.003086679418491 0.000143740637351 0.000078929790813 
-0.002131042962723 0.007624003607526 -0.000022468296533 -0.003089220405751 0.000129472143642 0.000079041260115 
-0.002161959293985 0.007625155462055 -0.000021676783264 -0.003091633126178 0.000115185452867 0.000079151326898 
-0.002192898473171 0.007626164303457 -0.000020884183415 -0.003093917918615 0.000100884140262 0.000079259984889 
-0.002223859225688 0.007627030020642 -0.000020090511137 -0.003096075251724 0.000086571718454 0.000079367227861 
-0.002254840282870 0.007627752537020 -0.000019295780640 -0.003098105718195 0.000072251637811 0.000079473049635 
-0.002285840383168 0.007628331809891 -0.000018500006200 -0.003100010029786 0.000057927287129 0.000079577444078 
-0.002316858273300 0.007628767829837 -0.000017703202149 -0.003101789013201 0.000043601994550 0.000079680405105 
-0.002347892709368 0.007629060620123 -0.000016905382882 -0.003103443606769 0.000029279028612 0.000079781926676 
-0.002378942457947 0.007629210236116 -0.000016106562854 -0.003104974857935 0.000014961599314 0.000079882002793 
-0.002410006297162 0.007629216764707 -0.000015306756579 -0.003106383921518 0.000000652859116 0.000079980627506 
-0.002441083017749 0.007629080323745 -0.000014505978630 -0.003107672058701 -0.000013644096227 0.000080077794904 
-0.002472171424117 0.007628801061474 -0.000013704243639 -0.003108840636740 -0.000027926227081 0.000080173499121 
-0.002503270335410 0.007628379155977 -0.000012901566295 -0.003109891129316 -0.000042190549692 0.000080267734333 
-0.002534378586585 0.007627814814614 -0.000012097961348 -0.003110825117519 -0.000056434136353 0.000080360494754 
-0.002565495029499 0.007627108273453 -0.000011293443601 -0.003111644291388 -0.000070654116083 0.000080451774642 
-0.002596618534019 0.007626259796694 -0.000010488027918 -0.003112350451952 -0.000084847675866 0.000080541568292 
-0.002627747989156 0.007625269676068 -0.000009681729218 -0.003112945513721 -0.000099012062560 0.000080629870038 
-0.002658882304231 0.007624138230213 -0.000008874562475 -0.003113431507541 -0.000113144585506 0.000080716674255 
-0.002690020410069 0.007622865804014 -0.000008066542722 -0.003113810583744 -0.000127242619949 0.000080801975353 
-0.002721161260224 0.007621452767901 -0.000007257685044 -0.003114085015500 -0.000141303611308 0.000080885767781 
-0.002752303832247 0.007619899517097 -0.000006448004584 -0.003114257202285 -0.000155325080362 0.000080968046025 
-0.002783447128980 0.007618206470803 -0.000005637516538 -0.003114329673343 -0.000169304629430 0.000081048804610 
-0.002814590179890 0.007616374071307 -0.000004826236157 -0.003114305091047 -0.000183239949563 0.000081128038094 
-0.002845732042431 0.007614402783019 -0.000004014178746 -0.003114186254010 -0.000197128828826 0.000081205741077 
-0.002876871803429 0.007612293091402 -0.000003201359664 -0.003113976099825 -0.000210969161677 0.000081281908191 
-0.002908008580501 0.007610045501807 -0.000002387794323 -0.003113677707270 -0.000224758959485 0.000081356534109 
-0.002939141523480 0.007607660538185 -0.000001573498188 -0.003113294297819 -0.000238496362186 0.000081429613540 
-0.002970269815843 0.007605138741675 -0.000000758486775 -0.003112829236292 -0.000252179651077 0.000081501141230 
-0.003001392676147 0.007602480669048 0.000000057224344 -0.003112286030437 -0.000265807262710 0.000081571111968 
-0.003032509359440 0.007599686891009 0.000000873619550 -0.003111668329270 -0.000279377803854 0.000081639520576 
-0.003063619158639 0.007596757990335 0.000001690683169 -0.003110979919958 -0.000292890067433 0.000081706361921 
-0.003094721405870 0.007593694559841 0.000002508399478 -0.003110224723035 -0.000306343049342 0.000081771630909 
-0.003125815473727 0.007590497200181 0.000003326752703 -0.003109406785742 -0.000319735966007 0.000081835322488 
-0.003156900776460 0.007587166517456 0.000004145727020 -0.003108530273284 -0.000333068272508 0.000081897431651 
-0.003187976771038 0.007583703120646 0.000004965306554 -0.003107599457806 -0.000346339681061 0.000081957953434 
-0.003219042958087 0.007580107618850 0.000005785475383 -0.003106618704886 -0.000359550179597 0.000082016882920 
-0.003250098882661 0.007576380618348 0.000006606217536 -0.003105592457399 -0.000372700050158 0.000082074215237 
-0.003281144134827 0.007572522719480 0.000007427516991 -0.003104525216603 -0.000385789886751 0.000082129945565 
-0.003312178350030 0.007568534513357 0.000008249357683 -0.003103421520352 -0.000398820612315 0.000082184069134 
